Variable Angle Spectroscopic Ellipsometric (VASE) Data
Wavelength (nm)	Psi (65.02, 70.02, 75.02°)	Delta (65.02, 70.02, 75.02°)				
380.416931	15.059314	134.159302	11.685319	101.242188	13.608634	55.874557	
383.600128	15.104745	134.767975	11.524687	102.248390	13.386580	56.059296	
386.782990	15.049801	135.589890	11.354962	102.774879	13.150080	56.047821	
389.965515	14.924876	136.157623	11.210572	103.441406	12.947904	56.146069	
393.147766	14.902856	136.994553	11.044147	104.195129	12.788514	56.129852	
396.329651	14.821487	137.666641	10.887605	104.748108	12.573334	56.037807	
399.511230	14.760982	138.416702	10.739103	105.546944	12.380706	55.844944	
402.692474	14.689388	139.039200	10.575795	106.180367	12.161921	55.724983	
405.873413	14.627464	139.825363	10.426975	106.969521	11.963721	55.579006	
409.054016	14.580474	140.672394	10.254376	107.656647	11.766267	55.424419	
412.234283	14.516788	141.411179	10.110801	108.543205	11.579509	55.232010	
415.414246	14.453269	142.219910	9.942003	109.292183	11.371717	55.035553	
418.593933	14.375375	142.946442	9.775967	110.256889	11.149160	54.783489	
421.773254	14.314723	143.826508	9.601952	111.025520	10.910922	54.488201	
424.952240	14.252736	144.676605	9.422442	111.940216	10.691918	54.164509	
428.130951	14.180396	145.548203	9.252223	112.951630	10.479266	53.899899	
431.309265	14.100639	146.396500	9.058810	113.916710	10.255649	53.411434	
434.487305	14.040000	147.331223	8.876675	114.877831	10.040373	52.990723	
437.665039	13.936492	148.155472	8.679925	115.801796	9.803708	52.493534	
440.842468	13.872409	149.114960	8.485235	116.945389	9.585938	51.805977	
444.019531	13.764824	149.979950	8.279880	118.081764	9.369315	51.154293	
447.196228	13.694743	150.943527	8.073792	119.181305	9.139122	50.357719	
450.372650	13.602230	151.916550	7.864522	120.207619	8.921845	49.494675	
453.548767	13.499111	152.918198	7.670476	121.473198	8.705841	48.591599	
456.724548	13.406439	153.908005	7.431683	122.431328	8.497134	47.429058	
459.899994	13.287708	154.913757	7.220856	123.789780	8.288363	46.248909	
463.075195	13.184137	155.901505	7.001315	125.003761	8.085641	44.939137	
466.250000	13.083867	156.904800	6.780907	126.288887	7.891622	43.582733	
469.424500	12.969382	158.021545	6.544518	127.738541	7.715423	42.003185	
472.598694	12.853891	159.074585	6.308786	129.254913	7.533218	40.358620	
475.772552	12.729386	160.190903	6.070474	130.765671	7.361985	38.578899	
478.946045	12.628201	161.322052	5.831429	132.411987	7.216756	36.468994	
482.119232	12.501461	162.506165	5.587159	134.200699	7.066736	34.496887	
485.292175	12.374369	163.670090	5.335411	135.997513	6.939042	32.232834	
488.464752	12.248315	164.939026	5.077623	137.926361	6.850730	29.833992	
491.636963	12.100786	166.162704	4.831610	140.297531	6.756840	27.192434	
494.808899	11.961007	167.440002	4.560993	142.686386	6.682814	24.471760	
497.980469	11.828694	168.835388	4.302159	145.389709	6.651266	21.567402	
501.151764	11.689944	170.285690	4.044799	148.443771	6.622504	18.581032	
504.322754	11.531960	171.746140	3.761222	151.892731	6.633502	15.533677	
507.493347	11.372573	173.328720	3.502223	155.993561	6.674197	12.375157	
510.663666	11.202057	175.031693	3.240306	160.760269	6.755129	9.223781	
513.833679	11.026773	176.714447	2.962129	166.307175	6.880519	5.964667	
517.003296	10.857379	178.610962	2.730003	173.067871	7.027095	2.779394	
520.172668	10.677954	180.522980	2.493395	181.418945	7.229046	-0.312744	
523.341675	10.469235	182.612259	2.316228	191.372894	7.487108	-3.261383	
526.510376	10.264282	184.864960	2.176868	203.634659	7.765472	-6.082520	
529.678833	10.034772	187.334671	2.129706	216.821579	8.108971	-8.628357	
532.846863	9.783885	189.931015	2.181335	231.293030	8.520129	-10.989502	
536.014587	9.540997	192.755066	2.340254	245.300110	8.966870	-13.090057	
539.182007	9.250257	195.816345	2.613891	258.076172	9.479473	-14.897888	
542.349121	8.954391	199.193192	2.980692	268.601563	10.046159	-16.364777	
545.515869	8.650078	202.909348	3.431532	-82.092010	10.651365	-17.565613	
548.682312	8.303591	206.975708	3.935421	-74.312225	11.309217	-18.382751	
551.848450	7.950463	211.509827	4.505596	-67.509033	12.024405	-18.919678	
555.014282	7.585663	216.550369	5.132972	-61.371826	12.766824	-19.160400	
558.179749	7.192410	222.330811	5.798082	-55.792938	13.541985	-19.094360	
561.344910	6.814035	228.712311	6.515481	-50.691833	14.378758	-18.686188	
564.509766	6.421642	236.207001	7.259057	-45.665405	15.223215	-18.029053	
567.674194	6.044221	244.742950	8.044789	-40.939087	16.094641	-17.087585	
570.838501	5.716873	254.784393	8.868007	-36.296997	16.988335	-15.847229	
574.002319	5.451613	266.120087	9.710427	-31.591797	17.884287	-14.367004	
577.165894	5.279618	-81.083557	10.580878	-26.966248	18.786379	-12.647034	
580.329102	5.261662	-66.844177	11.457031	-22.309418	19.677099	-10.620667	
583.492065	5.414201	-52.056549	12.349363	-17.475739	20.534895	-8.407227	
586.654602	5.747213	-37.349823	13.237107	-12.568726	21.358032	-5.914337	
589.816895	6.244153	-23.409943	14.089851	-7.534393	22.112598	-3.218994	
592.978821	6.901192	-10.478333	14.892890	-2.443756	22.789978	-0.334381	
596.140442	7.673246	1.320233	15.623438	2.785297	23.372259	2.660133	
599.301758	8.478932	11.844716	16.263504	7.976471	23.826040	5.739834	
602.462769	9.284182	21.397358	16.797947	13.084764	24.171993	8.837279	
605.623413	10.055298	30.183445	17.197771	18.032721	24.389925	11.918842	
608.783752	10.743540	37.607140	17.486044	22.629251	24.506945	14.753454	
611.943726	11.171901	44.243542	17.562954	26.741529	24.447540	17.292091	
615.103394	12.005472	52.534889	17.768881	32.293995	24.377884	20.783264	
618.262817	12.395423	56.987240	17.813425	35.335743	24.263300	22.701843	
621.421875	12.813847	62.499134	17.762508	39.260292	24.048758	25.087187	
624.580566	13.153139	67.351440	17.678278	42.742065	23.782993	27.265081	
627.738953	13.452815	71.769196	17.566317	45.959335	23.509245	29.283590	
630.897095	13.699539	75.776382	17.429190	49.025208	23.226635	31.158609	
634.054810	13.930804	79.559952	17.273058	51.921722	22.906347	32.957909	
637.212280	14.127800	82.971199	17.105021	54.642548	22.591848	34.578869	
640.369446	14.312160	86.213242	16.939268	57.183281	22.276283	36.127522	
643.526184	14.470688	89.152725	16.763704	59.643612	21.968462	37.616257	
646.682678	14.611881	91.804947	16.601719	61.972694	21.646326	38.960148	
649.838806	14.744818	94.337158	16.443483	64.127563	21.339956	40.299572	
652.994629	14.869476	96.707321	16.288038	66.151207	21.018801	41.534485	
656.150208	14.983693	98.851700	16.136379	68.151581	20.724585	42.661160	
659.305359	15.092733	100.965988	15.983799	70.036110	20.440832	43.771454	
662.460205	15.182663	102.925682	15.838703	71.855019	20.147345	44.891945	
665.614746	15.277531	104.672089	15.699939	73.571953	19.876572	45.881775	
668.768921	15.367539	106.480728	15.564754	75.241173	19.591179	46.884823	
671.922852	15.444770	108.162552	15.429250	76.918335	19.306385	47.823814	
675.076477	15.512093	109.693016	15.292713	78.402977	19.042688	48.721066	
678.229675	15.584482	111.231987	15.169508	79.913658	18.777430	49.613964	
681.382629	15.653049	112.634857	15.061092	81.390289	18.535070	50.434341	
684.535278	15.724944	114.042503	14.937360	82.832481	18.275764	51.266987	
687.687561	15.783941	115.381714	14.818425	84.196037	18.016596	52.040798	
690.839478	15.839596	116.693787	14.692555	85.626595	17.776720	52.808800	
693.991150	15.896033	117.897797	14.587402	86.903404	17.535107	53.577599	
697.142456	15.945502	119.079361	14.485160	88.235725	17.284788	54.321903	
700.293457	15.992384	120.243881	14.372129	89.444740	17.057869	54.995174	
703.444153	16.038441	121.344223	14.255075	90.743797	16.818367	55.716892	
706.594543	16.079725	122.448334	14.155804	91.931168	16.589497	56.402847	
709.744507	16.118109	123.574387	14.058197	93.199432	16.350372	57.092098	
712.894287	16.155329	124.627090	13.944242	94.432991	16.111265	57.753040	
716.043640	16.206532	125.625481	13.848385	95.628799	15.890064	58.381199	
719.192749	16.250961	126.606644	13.756768	96.777718	15.661124	59.031124	
722.341492	16.275717	127.587669	13.657459	97.950935	15.443617	59.661617	
725.489929	16.307301	128.556076	13.563896	99.069092	15.211757	60.263664	
728.638000	16.341925	129.471558	13.478463	100.140381	14.995625	60.840523	
731.785828	16.371511	130.405609	13.384998	101.329613	14.775803	61.441628	
734.933289	16.399170	131.278717	13.300453	102.343712	14.562842	62.050358	
738.080444	16.416826	132.146164	13.204114	103.481026	14.345840	62.590496	
741.227234	16.449467	133.006851	13.122170	104.553032	14.123917	63.218227	
744.373718	16.479822	133.841690	13.037956	105.613701	13.908639	63.745552	
747.519897	16.501902	134.698257	12.944545	106.678085	13.699921	64.264915	
750.665771	16.517876	135.522507	12.860394	107.675659	13.498377	64.811134	
753.811340	16.534096	136.327423	12.781662	108.760696	13.275607	65.336044	
756.956543	16.557816	137.102509	12.697137	109.772583	13.073241	65.866096	
760.101440	16.575069	137.816650	12.614228	110.768501	12.874468	66.395821	
763.245972	16.594791	138.626144	12.535091	111.834526	12.665358	66.869019	
766.390259	16.612871	139.396286	12.457803	112.857574	12.457692	67.335518	
769.534119	16.619017	140.150650	12.375981	113.868767	12.252379	67.878006	
772.677734	16.646843	140.861130	12.308730	114.836670	12.053164	68.338158	
775.820984	16.659645	141.586273	12.232215	115.837990	11.857758	68.804848	
778.963989	16.668617	142.294037	12.151712	116.836044	11.659148	69.278290	
782.106628	16.671701	142.972046	12.079534	117.779053	11.454527	69.707954	
785.248901	16.689415	143.705368	11.996535	118.737671	11.255378	70.177208	
788.390930	16.700121	144.348846	11.927590	119.726143	11.064609	70.639511	
791.532593	16.701881	145.013779	11.853880	120.663040	10.872708	71.062790	
794.673950	16.719036	145.670227	11.787712	121.604752	10.686127	71.462456	
797.814941	16.723335	146.333893	11.727460	122.555611	10.488299	71.914459	
800.955688	16.720449	146.957657	11.648777	123.489273	10.304561	72.319542	
804.096069	16.721363	147.614731	11.582902	124.444237	10.113656	72.754822	
807.236145	16.733593	148.261230	11.514114	125.371117	9.931876	73.118889	
810.375854	16.742373	148.876617	11.454720	126.293190	9.738265	73.514320	
813.515259	16.751930	149.538147	11.381831	127.219299	9.545178	73.980202	
816.654419	16.752182	150.133286	11.324772	128.176727	9.355681	74.301582	
819.793152	16.763075	150.757645	11.258273	129.100571	9.180478	74.702675	
822.931519	16.768055	151.344788	11.204632	129.978912	9.001412	75.023438	
826.069702	16.761017	151.892746	11.135222	130.895706	8.821375	75.457108	
829.207520	16.763483	152.491974	11.068725	131.770630	8.650456	75.735901	
832.344910	16.754234	153.062775	11.020465	132.637344	8.466906	76.162399	
835.482239	16.749411	153.637817	10.964687	133.571579	8.283947	76.524712	
838.619019	16.749811	154.208740	10.905279	134.367828	8.110179	76.862663	
841.755554	16.761463	154.757263	10.848425	135.301300	7.951599	77.148453	
844.891785	16.750546	155.315796	10.790885	136.189651	7.778504	77.382736	
848.027527	16.752317	155.807297	10.745113	137.047562	7.597946	77.721695	
851.163086	16.753292	156.381134	10.693866	137.933136	7.442190	78.044922	
854.298462	16.761082	156.928360	10.626741	138.801346	7.260547	78.386078	
857.433289	16.730339	157.445541	10.571675	139.673126	7.095070	78.553802	
860.567871	16.732935	157.948868	10.523694	140.489182	6.933959	78.944183	
863.702148	16.711342	158.518234	10.474350	141.373688	6.757690	79.138008	
866.836121	16.723305	159.008820	10.433099	142.259811	6.589551	79.533104	
869.969727	16.714542	159.513748	10.379974	143.124054	6.430498	79.677734	
873.103027	16.723103	160.025986	10.331425	143.991867	6.272468	79.973663	
876.236023	16.708241	160.504272	10.293297	144.762482	6.116618	80.339493	
879.368652	16.697990	160.998657	10.244403	145.589676	5.954232	80.445457	
882.500977	16.701185	161.527176	10.185366	146.485794	5.790759	80.648682	
885.632996	16.699411	161.985413	10.139865	147.289749	5.632376	80.940071	
888.764771	16.675922	162.453400	10.099157	148.091003	5.482025	81.015907	
891.896118	16.669559	162.949539	10.059299	148.920181	5.327899	81.253746	
895.027161	16.653177	163.424423	10.011364	149.807907	5.162103	81.574097	
898.157837	16.658133	163.923386	9.966054	150.640335	5.008146	81.554039	
901.288269	16.651585	164.338196	9.931604	151.408981	4.860851	81.682640	
904.418335	16.646116	164.798798	9.891797	152.228653	4.706555	81.758362	
907.548157	16.626293	165.256088	9.861327	153.066330	4.566284	81.878494	
910.677551	16.617886	165.703506	9.812795	153.813660	4.414013	81.961395	
913.806641	16.615187	166.161209	9.767332	154.614456	4.267230	82.141571	
916.935547	16.610947	166.597687	9.729903	155.373428	4.122078	81.930923	
920.063843	16.608253	167.056305	9.701769	156.214951	3.980579	82.058205	
923.192200	16.577829	167.487076	9.666808	157.032166	3.838675	82.057877	
926.319946	16.566631	167.886276	9.626161	157.752762	3.692034	82.138100	
929.447449	16.573671	168.325363	9.585901	158.548325	3.552425	82.328438	
932.574585	16.552481	168.738449	9.562320	159.310532	3.416583	81.767860	
935.701538	16.534693	169.163544	9.530645	160.039917	3.283875	81.767975	
938.828125	16.522966	169.573410	9.485979	160.828125	3.142488	81.708076	
941.954285	16.517029	170.047302	9.456417	161.712784	2.986599	81.877792	
945.080200	16.497503	170.491440	9.416453	162.530594	2.840110	81.095436	
948.205750	16.485300	170.980118	9.392831	163.400436	2.688472	80.620285	
951.331055	16.482746	171.421799	9.340728	164.193665	2.558105	80.687386	
954.455872	16.468218	171.796021	9.321372	164.960587	2.418680	80.302193	
957.580444	16.456959	172.185486	9.301191	165.723465	2.286629	79.837120	
960.704895	16.445419	172.595734	9.271833	166.503571	2.172377	79.041222	
963.828796	16.426334	172.973175	9.245280	167.231735	2.052263	77.817368	
966.952454	16.417877	173.376587	9.235170	167.953125	1.914878	77.652763	
970.075806	16.415726	173.751404	9.206230	168.694946	1.791331	76.421021	
973.198853	16.398064	174.145065	9.167732	169.459824	1.669590	75.456017	
976.321472	16.375923	174.537476	9.161227	170.205261	1.549734	74.250275	
979.443848	16.371277	174.925217	9.123846	170.925873	1.427284	72.678070	
982.565918	16.358461	175.303726	9.087544	171.643417	1.315719	70.240753	
985.687622	16.333784	175.646500	9.066770	172.363251	1.206738	68.224472	
988.808960	16.328257	176.040268	9.053518	173.168427	1.095711	65.559425	
991.930054	16.306561	176.437027	9.022801	173.835236	0.993119	62.271423	
995.050781	16.294165	176.779648	9.004989	174.546082	0.895297	58.011150	
998.171265	16.283222	177.165314	8.982527	175.246124	0.808833	53.474007	