Variable Angle Spectroscopic Ellipsometric (VASE) Data
Wavelength (nm)	Psi (65.02, 70.02, 75.02°)	Delta (65.02, 70.02, 75.02°)				
380.416931	15.207945	134.417389	11.630391	101.811211	13.609976	56.522247	
383.600128	15.164901	135.098694	11.513136	102.522331	13.357311	56.392845	
386.782990	15.039279	135.586975	11.347013	103.307037	13.114861	56.558517	
389.965515	15.016650	136.373016	11.226667	103.695068	12.904972	56.336948	
393.147766	14.948274	137.066620	11.045287	104.435974	12.707554	56.064384	
396.329651	14.805991	137.597809	10.868531	104.975105	12.526257	55.922375	
399.511230	14.722240	138.311371	10.669183	105.590164	12.334611	55.681778	
402.692474	14.626482	139.141602	10.501447	106.111115	12.135907	55.314789	
405.873413	14.516659	139.885681	10.318794	106.703384	11.937903	55.043781	
409.054016	14.435820	140.500290	10.149495	107.225952	11.762090	54.696941	
412.234283	14.351912	141.253891	9.951984	107.923820	11.554820	54.361347	
415.414246	14.253497	141.978500	9.775316	108.504150	11.363512	53.886662	
418.593933	14.139977	142.599533	9.575698	109.104622	11.165623	53.440350	
421.773254	14.040657	143.470261	9.376370	109.728806	10.981716	52.863674	
424.952240	13.919704	144.212051	9.188622	110.331131	10.794178	52.331921	
428.130951	13.818817	144.987793	8.998306	110.899467	10.608808	51.655067	
431.309265	13.714541	145.723190	8.776866	111.508850	10.419890	51.101543	
434.487305	13.596771	146.509430	8.579717	112.141556	10.252911	50.219246	
437.665039	13.478304	147.267639	8.367761	112.698280	10.079676	49.487652	
440.842468	13.347932	147.964111	8.148961	113.251518	9.894651	48.622955	
444.019531	13.213219	148.729324	7.923839	113.864273	9.724080	47.646179	
447.196228	13.092278	149.475006	7.705768	114.336830	9.586366	46.663651	
450.372650	12.947190	150.217361	7.485951	114.884476	9.443336	45.596123	
453.548767	12.788442	151.007690	7.255372	115.305733	9.296965	44.439217	
456.724548	12.655603	151.807266	7.017372	115.772827	9.169296	43.258194	
459.899994	12.520273	152.576752	6.786582	116.222404	9.052416	41.962601	
463.075195	12.357979	153.354294	6.558635	116.606842	8.948329	40.621616	
466.250000	12.190844	154.093384	6.312937	116.806015	8.855336	39.164070	
469.424500	12.023664	154.838715	6.081561	117.088806	8.788152	37.629749	
472.598694	11.857408	155.615158	5.845163	117.405441	8.715096	36.176949	
475.772552	11.681921	156.353210	5.581518	117.522240	8.656795	34.562756	
478.946045	11.522062	157.185028	5.336136	117.599602	8.620171	32.982754	
482.119232	11.326964	157.975327	5.094125	117.681252	8.596949	31.358292	
485.292175	11.130177	158.766556	4.831720	117.537292	8.582026	29.597553	
488.464752	10.927607	159.565002	4.558486	117.344971	8.604857	27.884108	
491.636963	10.734464	160.267105	4.308406	116.847511	8.621779	26.157938	
494.808899	10.523801	161.048691	4.041007	116.171028	8.678623	24.434349	
497.980469	10.310822	161.908295	3.765559	115.394760	8.733814	22.755127	
501.151764	10.090934	162.710815	3.485038	114.233109	8.831356	21.049486	
504.322754	9.868258	163.593826	3.227127	112.623146	8.926442	19.344610	
507.493347	9.611459	164.328857	2.948548	110.517799	9.052795	17.670517	
510.663666	9.369779	165.209656	2.680666	107.352028	9.210320	16.107517	
513.833679	9.080844	166.108337	2.421042	103.346458	9.388336	14.530429	
517.003296	8.798185	166.866257	2.175283	97.925163	9.569360	13.055403	
520.172668	8.497763	167.793427	1.959876	90.641106	9.790293	11.621607	
523.341675	8.184237	168.580078	1.791324	81.262299	10.051888	10.310024	
526.510376	7.863375	169.445663	1.720179	69.557938	10.320078	9.074079	
529.678833	7.490942	170.142395	1.723570	56.865917	10.612377	7.996752	
532.846863	7.116341	170.851624	1.850789	44.413704	10.930820	6.963509	
536.014587	6.717630	171.459427	2.064381	33.999310	11.298481	6.112650	
539.182007	6.299862	172.065460	2.390083	25.780207	11.694282	5.393486	
542.349121	5.844213	172.404800	2.779987	19.957264	12.100520	4.827297	
545.515869	5.367329	172.368622	3.208541	16.151848	12.535586	4.436043	
548.682312	4.881858	172.032349	3.699623	13.504005	13.007369	4.221799	
551.848450	4.364538	170.879517	4.210030	12.150220	13.496675	4.137002	
555.014282	3.822104	168.823532	4.778878	11.554012	13.990623	4.273547	
558.179749	3.276603	165.107407	5.355742	11.449025	14.521514	4.573360	
561.344910	2.771645	158.793121	5.975703	12.002791	15.066691	5.079773	
564.509766	2.329525	147.852661	6.620061	13.004858	15.611079	5.781800	
567.674194	2.052378	130.927658	7.281951	14.403754	16.177870	6.620657	
570.838501	2.070442	110.790329	7.964463	16.066397	16.729790	7.687057	
574.002319	2.424322	93.098129	8.645191	18.104448	17.279490	8.936745	
577.165894	3.009759	81.745705	9.331586	20.429790	17.820787	10.349743	
580.329102	3.756832	75.311729	10.033610	22.931097	18.341291	11.928815	
583.492065	4.609635	72.122192	10.695369	25.684160	18.826460	13.677122	
586.654602	5.502822	71.374313	11.369415	28.657389	19.291632	15.559301	
589.816895	6.430822	71.786179	12.000220	31.693604	19.686180	17.563055	
592.978821	7.354144	73.019814	12.576648	34.926476	20.038738	19.703264	
596.140442	8.260039	74.913239	13.126397	38.215714	20.335524	21.868238	
599.301758	9.134912	77.266716	13.618018	41.496639	20.556755	24.079208	
602.462769	9.956454	79.734138	14.019980	44.791119	20.724709	26.260464	
605.623413	10.725400	82.335342	14.392186	48.049343	20.825211	28.442112	
608.783752	11.405407	84.974365	14.670839	51.040726	20.867050	30.495558	
611.943726	11.909793	87.596985	14.830804	53.832401	20.810812	32.306953	
615.103394	12.708035	90.765121	15.130977	57.686455	20.782684	34.942547	
618.262817	13.104725	92.673729	15.260110	59.813042	20.725080	36.380085	
621.421875	13.578873	95.270424	15.359226	62.591454	20.586254	38.306782	
624.580566	13.981899	97.617584	15.439565	65.170372	20.425297	40.010143	
627.738953	14.344903	99.948540	15.488436	67.686821	20.255894	41.724140	
630.897095	14.662840	102.072609	15.518448	70.077316	20.068497	43.324863	
634.054810	14.967752	104.131607	15.526022	72.394989	19.870501	44.881119	
637.212280	15.246096	106.170692	15.510668	74.636162	19.641615	46.378040	
640.369446	15.476295	108.023232	15.484634	76.800652	19.410179	47.798565	
643.526184	15.702980	109.890251	15.468951	78.865128	19.165266	49.215424	
646.682678	15.903147	111.696342	15.424137	80.836967	18.934557	50.547764	
649.838806	16.093504	113.372360	15.383247	82.804047	18.690989	51.838303	
652.994629	16.246635	114.947502	15.315262	84.641647	18.434076	53.059742	
656.150208	16.396969	116.414406	15.264030	86.371445	18.187344	54.211517	
659.305359	16.549442	117.942474	15.215239	88.129150	17.948706	55.385239	
662.460205	16.680729	119.335114	15.147508	89.852402	17.688148	56.529434	
665.614746	16.798729	120.653847	15.083019	91.432388	17.439182	57.577393	
668.768921	16.904058	122.009773	15.013106	93.024139	17.190630	58.623798	
671.922852	17.002146	123.321991	14.939522	94.614510	16.932211	59.628361	
675.076477	17.087318	124.514000	14.858891	96.071877	16.688162	60.633881	
678.229675	17.165749	125.671860	14.784264	97.514259	16.438248	61.569691	
681.382629	17.245852	126.874969	14.718995	98.936897	16.197260	62.498920	
684.535278	17.323896	127.932976	14.633134	100.308189	15.953916	63.388683	
687.687561	17.380627	128.998703	14.562708	101.685768	15.710419	64.298248	
690.839478	17.440409	130.105743	14.485923	103.021271	15.459629	65.117058	
693.991150	17.495995	131.095932	14.413743	104.277168	15.232703	65.966408	
697.142456	17.546284	132.093033	14.326648	105.514351	14.993057	66.815422	
700.293457	17.588470	133.040039	14.257474	106.805878	14.752851	67.621407	
703.444153	17.628046	133.995590	14.168856	108.012886	14.513493	68.392891	
706.594543	17.673578	134.913818	14.098441	109.218590	14.281288	69.195717	
709.744507	17.703188	135.841492	14.014791	110.435722	14.040637	69.952347	
712.894287	17.733124	136.777435	13.930927	111.645950	13.800679	70.741447	
716.043640	17.764700	137.633728	13.865168	112.843307	13.579083	71.480896	
719.192749	17.811033	138.505020	13.785210	113.999382	13.343709	72.197449	
722.341492	17.838150	139.305664	13.712457	115.103020	13.131721	72.922302	
725.489929	17.861338	140.154160	13.642149	116.232307	12.891891	73.683815	
728.638000	17.881479	140.939011	13.566854	117.316978	12.670418	74.315758	
731.785828	17.908764	141.769775	13.487614	118.438156	12.443030	75.003807	
734.933289	17.919909	142.538055	13.413768	119.499573	12.226216	75.770180	
738.080444	17.929554	143.291397	13.347846	120.567085	12.009195	76.398064	
741.227234	17.948975	144.011993	13.284717	121.611626	11.793996	77.104698	
744.373718	17.958275	144.794907	13.204960	122.665512	11.573627	77.786201	
747.519897	17.982599	145.524200	13.132994	123.725609	11.350415	78.418396	
750.665771	17.994041	146.232254	13.067445	124.728523	11.140572	79.086464	
753.811340	17.996449	146.966095	12.996964	125.757942	10.924157	79.741325	
756.956543	18.002880	147.653793	12.931337	126.775833	10.722445	80.392426	
760.101440	18.017220	148.304611	12.862412	127.810806	10.507468	81.055237	
763.245972	18.023237	149.011063	12.799478	128.801987	10.296769	81.723938	
766.390259	18.026241	149.698532	12.730803	129.796021	10.091598	82.340096	
769.534119	18.028873	150.359207	12.654619	130.780807	9.886520	82.954781	
772.677734	18.028162	151.006729	12.602062	131.740738	9.684638	83.650261	
775.820984	18.037586	151.657288	12.543949	132.701523	9.483448	84.200050	
778.963989	18.032734	152.271988	12.478972	133.665939	9.276015	84.863762	
782.106628	18.033401	152.902802	12.413998	134.625320	9.090108	85.501564	
785.248901	18.037031	153.514175	12.358589	135.592850	8.882627	86.023933	
788.390930	18.038134	154.146454	12.302026	136.496704	8.686432	86.677155	
791.532593	18.029428	154.742065	12.230847	137.426346	8.494720	87.367661	
794.673950	18.032442	155.342300	12.181203	138.355347	8.303600	87.946350	
797.814941	18.029463	155.903198	12.123837	139.311417	8.116702	88.509056	
800.955688	18.019890	156.536896	12.065335	140.154266	7.918602	89.128151	
804.096069	18.007992	157.088257	12.005076	141.086365	7.730196	89.781319	
807.236145	18.018297	157.676834	11.948012	142.045593	7.536758	90.442307	
810.375854	18.004040	158.217392	11.900754	142.913330	7.353113	91.031593	
813.515259	17.995178	158.830704	11.840236	143.852768	7.173310	91.663963	
816.654419	17.999441	159.368134	11.787492	144.753632	6.997224	92.328056	
819.793152	17.999773	159.919708	11.740962	145.602478	6.807298	93.025826	
822.931519	17.990229	160.430313	11.697846	146.473129	6.627220	93.562454	
826.069702	17.970219	160.954437	11.646482	147.350143	6.457022	94.165459	
829.207520	17.973053	161.508484	11.588985	148.177139	6.273067	94.751518	
832.344910	17.955822	161.997955	11.544959	149.051453	6.109163	95.491959	
835.482239	17.937122	162.533112	11.502407	149.971130	5.929223	96.266922	
838.619019	17.936773	163.076340	11.442925	150.781326	5.759377	96.946045	
841.755554	17.937910	163.548874	11.408085	151.576309	5.591635	97.476349	
844.891785	17.923563	164.059662	11.360096	152.432678	5.418970	98.140427	
848.027527	17.909925	164.568497	11.308339	153.268631	5.249012	98.939651	
851.163086	17.898748	165.057480	11.268837	154.182343	5.087563	99.645569	
854.298462	17.891211	165.557480	11.230206	154.967056	4.921807	100.282341	
857.433289	17.863504	166.035233	11.190642	155.790375	4.754452	100.973946	
860.567871	17.848869	166.501755	11.145373	156.582962	4.601145	101.770180	
863.702148	17.842310	166.976166	11.100880	157.404602	4.436162	102.633904	
866.836121	17.837959	167.466644	11.051861	158.250488	4.278056	103.437553	
869.969727	17.819675	167.924271	11.030855	159.098038	4.121547	104.286324	
873.103027	17.804886	168.383820	10.994417	159.924667	3.962053	105.196526	
876.236023	17.792877	168.826065	10.951908	160.651581	3.815614	105.953461	
879.368652	17.778669	169.303864	10.908058	161.443787	3.656940	106.879822	
882.500977	17.766897	169.754425	10.874806	162.295654	3.504109	108.224403	
885.632996	17.748030	170.156555	10.839730	163.050079	3.362320	109.056511	
888.764771	17.733997	170.613495	10.804910	163.815399	3.215850	110.168900	
891.896118	17.713711	171.062317	10.766967	164.611862	3.059199	110.977295	
895.027161	17.691059	171.491516	10.733918	165.373230	2.919066	112.492157	
898.157837	17.686443	171.934021	10.699633	166.168701	2.773120	113.679146	
901.288269	17.666813	172.361069	10.666155	166.912323	2.634448	115.246063	
904.418335	17.659006	172.787521	10.634031	167.653412	2.497795	116.505890	
907.548157	17.644751	173.200912	10.613517	168.438843	2.362973	118.100685	
910.677551	17.623386	173.609833	10.573080	169.213013	2.230060	119.921745	
913.806641	17.611393	174.039642	10.543573	169.945755	2.102098	121.761200	
916.935547	17.594776	174.426086	10.518139	170.662476	1.967499	123.411507	
920.063843	17.583340	174.848679	10.499692	171.403717	1.843955	125.727806	
923.192200	17.551128	175.255814	10.473907	172.147415	1.724815	128.336075	
926.319946	17.530193	175.621109	10.432626	172.900528	1.611709	131.126831	
929.447449	17.523474	176.025970	10.398950	173.599869	1.502497	134.311508	
932.574585	17.507185	176.383606	10.381402	174.299896	1.395160	138.105103	
935.701538	17.493673	176.781235	10.378302	174.965530	1.301177	141.819336	
938.828125	17.471903	177.184036	10.329188	175.698883	1.188313	146.278244	
941.954285	17.455158	177.615738	10.305747	176.545837	1.110684	152.909851	
945.080200	17.416286	178.035828	10.277731	177.278183	1.015747	159.268845	
948.205750	17.422371	178.460358	10.256598	178.096329	0.958942	167.699112	
951.331055	17.388802	178.857834	10.229198	178.860687	0.913475	175.054977	
954.455872	17.381704	179.216232	10.200180	179.492142	0.875034	183.983536	
957.580444	17.357922	179.583740	10.194648	180.195068	0.889324	192.372513	
960.704895	17.344378	179.942642	10.181129	180.935638	0.901604	200.927338	
963.828796	17.328077	180.330414	10.155354	181.560303	0.924074	208.932785	
966.952454	17.312782	180.696960	10.151773	182.224716	0.969349	215.739731	
970.075806	17.310383	181.038788	10.140137	182.905579	1.029920	222.755432	
973.198853	17.279587	181.402237	10.116460	183.593506	1.101468	227.895294	
976.321472	17.260813	181.725143	10.096547	184.233612	1.175762	232.769379	
979.443848	17.241976	182.112595	10.071554	184.922195	1.258878	237.713501	
982.565918	17.234209	182.466034	10.034858	185.662216	1.334379	241.761292	
985.687622	17.205439	182.800095	10.021794	186.228836	1.430656	244.661346	
988.808960	17.192583	183.140701	10.008101	186.927353	1.524601	247.739624	
991.930054	17.167294	183.462372	9.987890	187.568390	1.625529	250.336761	
995.050781	17.134844	183.829117	9.983793	188.215012	1.715190	252.784943	
998.171265	17.129833	184.144592	9.979423	188.808197	1.811720	254.923447	