Variable Angle Spectroscopic Ellipsometric (VASE) Data
Wavelength (nm)	Intensity (65.02°)	Intensity (70.02°)	Intensity (75.02°)
380.416931	0.308858	0.331029	0.371306	
383.600128	0.308768	0.331023	0.371151	
386.782990	0.308022	0.329758	0.370221	
389.965515	0.307308	0.329616	0.370077	
393.147766	0.307075	0.328577	0.369309	
396.329651	0.306472	0.328405	0.368462	
399.511230	0.306092	0.327273	0.367186	
402.692474	0.305862	0.327339	0.367539	
405.873413	0.305680	0.326666	0.367103	
409.054016	0.305648	0.326219	0.366271	
412.234283	0.305210	0.326699	0.365877	
415.414246	0.304697	0.325281	0.365026	
418.593933	0.304554	0.325132	0.365013	
421.773254	0.304043	0.325106	0.364876	
424.952240	0.303786	0.324347	0.363934	
428.130951	0.303016	0.323620	0.363145	
431.309265	0.302267	0.322996	0.362369	
434.487305	0.301664	0.322657	0.362555	
437.665039	0.300961	0.321289	0.361131	
440.842468	0.300072	0.321010	0.360592	
444.019531	0.299236	0.320233	0.359792	
447.196228	0.298206	0.319203	0.358511	
450.372650	0.297273	0.318710	0.358075	
453.548767	0.296249	0.317694	0.357033	
456.724548	0.295237	0.316286	0.356768	
459.899994	0.293764	0.314694	0.355495	
463.075195	0.292548	0.313968	0.354221	
466.250000	0.291373	0.313112	0.353056	
469.424500	0.290021	0.311293	0.352934	
472.598694	0.288448	0.310689	0.352329	
475.772552	0.287119	0.309333	0.350232	
478.946045	0.285646	0.307723	0.349464	
482.119232	0.283936	0.306464	0.348516	
485.292175	0.282381	0.305516	0.348225	
488.464752	0.280554	0.303364	0.347296	
491.636963	0.278906	0.302285	0.346172	
494.808899	0.277356	0.300794	0.344851	
497.980469	0.275178	0.299337	0.343810	
501.151764	0.273352	0.298351	0.343180	
504.322754	0.271048	0.296667	0.341954	
507.493347	0.269004	0.294728	0.340350	
510.663666	0.266808	0.292632	0.339170	
513.833679	0.264248	0.290028	0.337385	
517.003296	0.261931	0.288960	0.336313	
520.172668	0.259363	0.287299	0.336038	
523.341675	0.256531	0.284191	0.333904	
526.510376	0.253591	0.281510	0.332344	
529.678833	0.250493	0.279865	0.331318	
532.846863	0.247193	0.277193	0.329722	
536.014587	0.243845	0.274599	0.328543	
539.182007	0.240298	0.271570	0.326215	
542.349121	0.236349	0.268479	0.323886	
545.515869	0.232543	0.266309	0.322113	
548.682312	0.228335	0.263186	0.320749	
551.848450	0.224224	0.259247	0.318317	
555.014282	0.219665	0.255204	0.315156	
558.179749	0.215391	0.251660	0.312257	
561.344910	0.210915	0.248684	0.310815	
564.509766	0.206404	0.244840	0.308058	
567.674194	0.201892	0.240671	0.305507	
570.838501	0.197649	0.238164	0.304094	
574.002319	0.193651	0.234902	0.302423	
577.165894	0.190003	0.231812	0.299896	
580.329102	0.186855	0.230396	0.299547	
583.492065	0.184311	0.228766	0.298749	
586.654602	0.182392	0.227304	0.298656	
589.816895	0.181443	0.225982	0.297791	
592.978821	0.181338	0.226856	0.298879	
596.140442	0.182263	0.228285	0.300695	
599.301758	0.184230	0.230430	0.303401	
602.462769	0.187164	0.233635	0.306158	
605.623413	0.190863	0.237713	0.309830	
608.783752	0.195292	0.242688	0.314909	
611.943726	0.200269	0.248290	0.321210	
615.103394	0.207625	0.251177	0.320383	
618.262817	0.212708	0.258491	0.328488	
621.421875	0.219710	0.264768	0.333171	
624.580566	0.226578	0.271984	0.339068	
627.738953	0.233757	0.277276	0.345023	
630.897095	0.240958	0.284785	0.350702	
634.054810	0.248324	0.289568	0.353629	
637.212280	0.255484	0.295762	0.357918	
640.369446	0.262334	0.301672	0.363340	
643.526184	0.269342	0.308155	0.369025	
646.682678	0.275841	0.314092	0.372140	
649.838806	0.282484	0.319055	0.375643	
652.994629	0.288600	0.324033	0.379853	
656.150208	0.294328	0.328199	0.381178	
659.305359	0.299907	0.331907	0.383015	
662.460205	0.305253	0.337534	0.388650	
665.614746	0.309959	0.341128	0.390561	
668.768921	0.314649	0.343925	0.391799	
671.922852	0.319476	0.347158	0.393335	
675.076477	0.323277	0.350522	0.394987	
678.229675	0.327290	0.352804	0.397017	
681.382629	0.330817	0.355511	0.399325	
684.535278	0.334441	0.359429	0.400819	
687.687561	0.337692	0.360328	0.399906	
690.839478	0.340959	0.363558	0.401843	
693.991150	0.343562	0.366226	0.404729	
697.142456	0.346351	0.366425	0.404592	
700.293457	0.348925	0.368834	0.405708	
703.444153	0.351588	0.370828	0.407793	
706.594543	0.353993	0.373317	0.408777	
709.744507	0.356176	0.373379	0.408111	
712.894287	0.358639	0.375388	0.407984	
716.043640	0.360378	0.374145	0.407612	
719.192749	0.362085	0.376117	0.407558	
722.341492	0.363972	0.377106	0.409245	
725.489929	0.365573	0.378036	0.409654	
728.638000	0.367173	0.381706	0.410853	
731.785828	0.368724	0.381155	0.408876	
734.933289	0.370399	0.382046	0.410447	
738.080444	0.371743	0.382555	0.409571	
741.227234	0.372983	0.383929	0.409666	
744.373718	0.374175	0.384521	0.409885	
747.519897	0.375464	0.386111	0.409505	
750.665771	0.376707	0.385706	0.409840	
753.811340	0.377651	0.386801	0.411118	
756.956543	0.378686	0.387242	0.410640	
760.101440	0.379864	0.386144	0.410411	
763.245972	0.380800	0.387913	0.411388	
766.390259	0.381525	0.389467	0.411639	
769.534119	0.382272	0.389996	0.410054	
772.677734	0.383185	0.389800	0.410560	
775.820984	0.384030	0.389961	0.411042	
778.963989	0.384687	0.391177	0.410590	
782.106628	0.385461	0.391876	0.410336	
785.248901	0.386007	0.391752	0.409355	
788.390930	0.386651	0.392422	0.411518	
791.532593	0.387117	0.391510	0.409913	
794.673950	0.387872	0.392208	0.411692	
797.814941	0.388286	0.390976	0.410104	
800.955688	0.388967	0.392435	0.409199	
804.096069	0.389418	0.392264	0.409829	
807.236145	0.389523	0.391909	0.408884	
810.375854	0.389864	0.392971	0.409921	
813.515259	0.390558	0.394991	0.412314	
816.654419	0.390775	0.393997	0.411481	
819.793152	0.391200	0.395275	0.411277	
822.931519	0.391417	0.394023	0.410073	
826.069702	0.391749	0.393072	0.408642	
829.207520	0.392010	0.393681	0.409750	
832.344910	0.392177	0.393222	0.409599	
835.482239	0.392488	0.392031	0.408365	
838.619019	0.392571	0.393469	0.408037	
841.755554	0.392745	0.392418	0.406171	
844.891785	0.392776	0.391554	0.406981	
848.027527	0.392996	0.393062	0.407458	
851.163086	0.393002	0.393069	0.407546	
854.298462	0.393373	0.392134	0.406396	
857.433289	0.393502	0.394625	0.408960	
860.567871	0.393500	0.395984	0.408871	
863.702148	0.393790	0.395887	0.408684	
866.836121	0.393636	0.395138	0.408503	
869.969727	0.393638	0.393848	0.406660	
873.103027	0.393740	0.394238	0.407086	
876.236023	0.393718	0.394282	0.409250	
879.368652	0.393744	0.395059	0.408845	
882.500977	0.393507	0.395510	0.406937	
885.632996	0.393670	0.393593	0.408179	
888.764771	0.393799	0.392983	0.408709	
891.896118	0.393956	0.393007	0.407725	
895.027161	0.393947	0.393087	0.407726	
898.157837	0.393712	0.393955	0.408070	
901.288269	0.393504	0.394098	0.408702	
904.418335	0.393210	0.394145	0.407089	
907.548157	0.393356	0.392152	0.406090	
910.677551	0.393443	0.393938	0.406660	
913.806641	0.393121	0.392422	0.405970	
916.935547	0.393202	0.391873	0.406322	
920.063843	0.393092	0.393863	0.407880	
923.192200	0.393035	0.394610	0.409168	
926.319946	0.392971	0.394108	0.407669	
929.447449	0.392608	0.391774	0.405903	
932.574585	0.392539	0.390967	0.407233	
935.701538	0.392431	0.394195	0.408022	
938.828125	0.392107	0.393591	0.409226	
941.954285	0.392107	0.390754	0.407312	
945.080200	0.391900	0.391552	0.406501	
948.205750	0.391531	0.392046	0.406955	
951.331055	0.391581	0.392803	0.405641	
954.455872	0.391614	0.392790	0.405851	
957.580444	0.391025	0.392404	0.406372	
960.704895	0.390958	0.391983	0.405857	
963.828796	0.390887	0.390936	0.403725	
966.952454	0.390731	0.390311	0.402241	
970.075806	0.390483	0.391196	0.403827	
973.198853	0.390123	0.390652	0.404445	
976.321472	0.389832	0.390094	0.405351	
979.443848	0.389795	0.391230	0.402803	
982.565918	0.389427	0.390594	0.405157	
985.687622	0.389131	0.389025	0.405746	
988.808960	0.389030	0.393237	0.405127	
991.930054	0.388780	0.392806	0.405881	
995.050781	0.388782	0.391304	0.405058	
998.171265	0.388490	0.391180	0.407186	