Variable Angle Spectroscopic Ellipsometric (VASE) Data
Wavelength (nm)	Intensity (65.02°)	Intensity (70.02°)	Intensity (75.02°)
380.416931	0.358702	0.386675	0.435387	
383.600128	0.359952	0.388857	0.436932	
386.782990	0.360034	0.388113	0.435969	
389.965515	0.360650	0.388498	0.435935	
393.147766	0.361697	0.388449	0.435164	
396.329651	0.361786	0.389089	0.435085	
399.511230	0.362515	0.388801	0.433991	
402.692474	0.363149	0.388822	0.433234	
405.873413	0.364160	0.389153	0.433902	
409.054016	0.364944	0.389166	0.433500	
412.234283	0.365725	0.390152	0.433116	
415.414246	0.366171	0.389770	0.432824	
418.593933	0.367311	0.390340	0.432307	
421.773254	0.367604	0.390899	0.432639	
424.952240	0.368194	0.390571	0.431294	
428.130951	0.368745	0.390996	0.431230	
431.309265	0.368918	0.390447	0.430465	
434.487305	0.369072	0.390600	0.430261	
437.665039	0.369590	0.390261	0.428664	
440.842468	0.369631	0.390034	0.428551	
444.019531	0.370083	0.390391	0.428138	
447.196228	0.369860	0.389231	0.425785	
450.372650	0.369890	0.389514	0.425570	
453.548767	0.369889	0.389364	0.424887	
456.724548	0.369691	0.388157	0.423810	
459.899994	0.369637	0.387244	0.422879	
463.075195	0.369620	0.387436	0.422241	
466.250000	0.369333	0.386768	0.420450	
469.424500	0.368897	0.385432	0.419656	
472.598694	0.369018	0.385499	0.419540	
475.772552	0.368527	0.384649	0.417067	
478.946045	0.368171	0.383962	0.416492	
482.119232	0.367579	0.383242	0.415672	
485.292175	0.367109	0.383060	0.415545	
488.464752	0.366894	0.381541	0.414441	
491.636963	0.365948	0.380873	0.412788	
494.808899	0.365542	0.380137	0.411015	
497.980469	0.364861	0.379370	0.409883	
501.151764	0.364220	0.379381	0.409777	
504.322754	0.363725	0.378595	0.408484	
507.493347	0.363077	0.377403	0.406982	
510.663666	0.362334	0.376269	0.406195	
513.833679	0.361016	0.374000	0.403631	
517.003296	0.360277	0.374232	0.402802	
520.172668	0.359414	0.373945	0.402908	
523.341675	0.358261	0.371474	0.400885	
526.510376	0.357018	0.369571	0.399284	
529.678833	0.355763	0.369090	0.398331	
532.846863	0.354621	0.367953	0.397423	
536.014587	0.353207	0.366500	0.396341	
539.182007	0.351658	0.365207	0.395043	
542.349121	0.349912	0.363271	0.392584	
545.515869	0.348102	0.362777	0.391252	
548.682312	0.346155	0.361297	0.390072	
551.848450	0.344296	0.358571	0.388252	
555.014282	0.342445	0.356451	0.386668	
558.179749	0.340307	0.353824	0.384093	
561.344910	0.338281	0.352980	0.383142	
564.509766	0.335953	0.351168	0.381230	
567.674194	0.333778	0.348317	0.379266	
570.838501	0.331558	0.347447	0.378405	
574.002319	0.329105	0.344970	0.377222	
577.165894	0.326922	0.342649	0.375504	
580.329102	0.324700	0.342198	0.374826	
583.492065	0.322628	0.340596	0.373637	
586.654602	0.320372	0.338107	0.372436	
589.816895	0.318593	0.335691	0.370185	
592.978821	0.316808	0.334515	0.369610	
596.140442	0.315245	0.333602	0.368623	
599.301758	0.313855	0.332545	0.368261	
602.462769	0.312561	0.331575	0.366979	
605.623413	0.311679	0.331550	0.366600	
608.783752	0.311046	0.331591	0.367451	
611.943726	0.310587	0.332224	0.369075	
615.103394	0.309536	0.326277	0.361265	
618.262817	0.309336	0.329091	0.365959	
621.421875	0.309442	0.329312	0.365233	
624.580566	0.309563	0.330642	0.366368	
627.738953	0.309707	0.329424	0.366256	
630.897095	0.310060	0.331252	0.367844	
634.054810	0.310455	0.329567	0.365663	
637.212280	0.311284	0.330944	0.365748	
640.369446	0.312087	0.331184	0.367203	
643.526184	0.312691	0.332576	0.368792	
646.682678	0.313984	0.334063	0.368983	
649.838806	0.315012	0.334814	0.369279	
652.994629	0.316068	0.335653	0.369837	
656.150208	0.317368	0.336446	0.369811	
659.305359	0.318726	0.336465	0.369365	
662.460205	0.320236	0.339387	0.373154	
665.614746	0.321639	0.340214	0.373378	
668.768921	0.322897	0.340733	0.373646	
671.922852	0.324652	0.341826	0.373526	
675.076477	0.326281	0.343599	0.375045	
678.229675	0.328135	0.344464	0.376422	
681.382629	0.329385	0.345813	0.376902	
684.535278	0.331165	0.348232	0.378586	
687.687561	0.332695	0.348026	0.377195	
690.839478	0.334523	0.350019	0.378433	
693.991150	0.336257	0.352577	0.381669	
697.142456	0.337897	0.352218	0.381600	
700.293457	0.339630	0.354704	0.383013	
703.444153	0.341427	0.356014	0.385011	
706.594543	0.343201	0.358041	0.386269	
709.744507	0.345152	0.358167	0.385803	
712.894287	0.346798	0.360454	0.386170	
716.043640	0.348562	0.359314	0.386576	
719.192749	0.350152	0.361415	0.386894	
722.341492	0.352097	0.363026	0.388983	
725.489929	0.353868	0.364078	0.390068	
728.638000	0.355327	0.367586	0.391963	
731.785828	0.357113	0.367797	0.390564	
734.933289	0.359029	0.369222	0.392888	
738.080444	0.360341	0.369944	0.392476	
741.227234	0.362015	0.371664	0.392499	
744.373718	0.363688	0.372863	0.393882	
747.519897	0.365297	0.374630	0.394006	
750.665771	0.366899	0.375196	0.395048	
753.811340	0.368581	0.376931	0.397393	
756.956543	0.370206	0.377667	0.397172	
760.101440	0.371554	0.377392	0.397161	
763.245972	0.372981	0.379771	0.398930	
766.390259	0.374431	0.382149	0.400385	
769.534119	0.375955	0.383063	0.399421	
772.677734	0.377502	0.382980	0.399740	
775.820984	0.378756	0.383806	0.400015	
778.963989	0.380171	0.386076	0.400857	
782.106628	0.381495	0.387465	0.401723	
785.248901	0.382764	0.388003	0.401171	
788.390930	0.384354	0.388927	0.403770	
791.532593	0.385403	0.388566	0.402709	
794.673950	0.386554	0.389732	0.404479	
797.814941	0.387819	0.390011	0.404804	
800.955688	0.389171	0.391439	0.403588	
804.096069	0.390295	0.391797	0.405381	
807.236145	0.391381	0.392555	0.404437	
810.375854	0.392496	0.394321	0.405709	
813.515259	0.393497	0.396352	0.409132	
816.654419	0.394437	0.396394	0.408315	
819.793152	0.395332	0.397830	0.409193	
822.931519	0.396461	0.397730	0.408752	
826.069702	0.397345	0.397042	0.406460	
829.207520	0.398336	0.398188	0.408171	
832.344910	0.399331	0.398637	0.408769	
835.482239	0.400146	0.397671	0.408214	
838.619019	0.400904	0.399517	0.408254	
841.755554	0.402002	0.398943	0.406567	
844.891785	0.402601	0.398609	0.407248	
848.027527	0.403320	0.400543	0.408417	
851.163086	0.404145	0.401392	0.408693	
854.298462	0.405068	0.400883	0.408856	
857.433289	0.405461	0.403713	0.410620	
860.567871	0.406228	0.405488	0.410575	
863.702148	0.406743	0.405366	0.410822	
866.836121	0.407573	0.404979	0.411482	
869.969727	0.408194	0.404955	0.409812	
873.103027	0.408675	0.405698	0.409851	
876.236023	0.409414	0.405641	0.413252	
879.368652	0.409610	0.406784	0.412770	
882.500977	0.410328	0.408111	0.411744	
885.632996	0.410954	0.406480	0.412090	
888.764771	0.411477	0.405897	0.411779	
891.896118	0.411919	0.406726	0.412534	
895.027161	0.412366	0.407222	0.412153	
898.157837	0.412845	0.408250	0.413559	
901.288269	0.413229	0.408668	0.413823	
904.418335	0.413538	0.408843	0.412599	
907.548157	0.413833	0.407496	0.411398	
910.677551	0.414271	0.409548	0.412103	
913.806641	0.414775	0.408887	0.412874	
916.935547	0.414925	0.408470	0.412899	
920.063843	0.415250	0.410979	0.414815	
923.192200	0.415577	0.411818	0.416466	
926.319946	0.415847	0.411535	0.414531	
929.447449	0.416076	0.409433	0.412814	
932.574585	0.416157	0.408991	0.413725	
935.701538	0.416450	0.412708	0.415190	
938.828125	0.416728	0.412143	0.417525	
941.954285	0.417188	0.409890	0.415235	
945.080200	0.417089	0.410316	0.413685	
948.205750	0.417083	0.411204	0.414562	
951.331055	0.417561	0.412145	0.413359	
954.455872	0.417653	0.412065	0.412867	
957.580444	0.417831	0.412452	0.415013	
960.704895	0.417957	0.412165	0.414329	
963.828796	0.418041	0.411042	0.411061	
966.952454	0.418196	0.410274	0.410796	
970.075806	0.418204	0.411520	0.412561	
973.198853	0.418231	0.411460	0.412506	
976.321472	0.418214	0.410733	0.413985	
979.443848	0.418235	0.412221	0.412032	
982.565918	0.418380	0.412031	0.414506	
985.687622	0.418249	0.410472	0.414840	
988.808960	0.418379	0.415263	0.415366	
991.930054	0.418492	0.414609	0.414625	
995.050781	0.418353	0.413093	0.413889	
998.171265	0.418441	0.413211	0.416268	